AB 1 2 2.000000 50.174560 7.444547 52.566849 7.546613
BC 2 3 2.000000 52.566849 7.546613 50.100451 13.481908
CD 3 4 2.000000 50.100451 13.481908 46.355673 14.538891
DE 4 5 2.000000 46.355673 14.538891 47.372751 20.919352
EF 5 6 2.000000 47.372751 20.919352 43.549300 22.817546
FG 6 7 2.000000 43.549300 22.817546 45.623686 27.673410
GH 7 8 2.000000 45.623686 27.673410 44.358734 31.923917
HI 8 9 2.000000 44.358734 31.923917 48.128977 36.131095
IJ 9 10 2.000000 48.128977 36.131095 49.957123 41.084278
JK 10 11 2.000000 49.957123 41.084278 53.806463 44.604836
KL 11 12 2.000000 53.806463 44.604836 56.440598 48.690184
LM 12 13 2.000000 56.440598 48.690184 60.583978 51.507548
MN 13 14 2.000000 60.583978 51.507548 67.400588 54.408541
NO 14 15 2.000000 67.400588 54.408541 67.691579 58.305220
OP 15 16 2.000000 67.691579 58.305220 73.030094 62.673194
PQ 16 17 2.000000 73.030094 62.673194 70.045487 65.340624
QR 17 18 2.000000 70.045487 65.340624 69.406939 70.363534
RS 18 19 2.000000 69.406939 70.363534 66.153131 66.585956
ST 19 20 2.000000 66.153131 66.585956 62.765410 66.143039
TU 20 21 2.000000 62.765410 66.143039 63.171629 60.016409
UV 21 22 2.000000 63.171629 60.016409 64.683178 55.988185
VW 22 23 2.000000 64.683178 55.988185 64.495669 51.401101
WX 23 24 2.000000 64.495669 51.401101 68.503379 47.600266
XY 24 25 2.000000 68.503379 47.600266 65.799038 43.147038
YZ 25 26 2.000000 65.799038 43.147038 67.823287 38.744676
ZAA 26 27 2.000000 67.823287 38.744676 65.208385 34.398161
AAAB 27 28 2.000000 65.208385 34.398161 65.155153 28.932365
ABAC 28 29 2.000000 65.155153 28.932365 64.380508 25.460324
ACAD 29 30 2.000000 64.380508 25.460324 64.480767 19.029078
ADAE 30 31 2.000000 64.480767 19.029078 67.644216 20.469582
AEAF 31 32 2.000000 67.644216 20.469582 71.027777 19.209715
AFAG 32 33 2.000000 71.027777 19.209715 68.060819 24.490576
AGAH 33 34 2.000000 68.060819 24.490576 69.590528 27.717246
AHAI 34 35 2.000000 69.590528 27.717246 62.471427 30.283093
AIAJ 35 36 2.000000 62.471427 30.283093 59.104431 33.156198
AJAK 36 37 2.000000 59.104431 33.156198 53.272460 32.578607
AKAL 37 38 2.000000 53.272460 32.578607 48.176655 31.822743
ALAM 38 39 2.000000 48.176655 31.822743 42.384287 34.092607
AMAN 39 40 2.000000 42.384287 34.092607 35.539845 33.077327
ANAO 40 41 2.000000 35.539845 33.077327 33.058145 36.603487
AOAP 41 42 2.000000 33.058145 36.603487 26.852793 37.109739
APAQ 42 43 2.000000 26.852793 37.109739 27.804039 41.806370
AQAR 43 44 2.000000 27.804039 41.806370 24.735326 45.345138
ARAS 44 45 2.000000 24.735326 45.345138 27.687087 48.965704
ASAT 45 46 2.000000 27.687087 48.965704 26.644310 53.648640
ATAU 46 47 2.000000 26.644310 53.648640 31.518406 55.219904
AUAV 47 48 2.000000 31.518406 55.219904 33.841485 58.358409
AVAW 48 49 2.000000 33.841485 58.358409 34.958974 61.644967
AWAX 49 50 2.000000 34.958974 61.644967 37.053259 65.819672
AXAY 50 51 2.000000 37.053259 65.819672 35.410516 67.596487
AYAZ 51 52 2.000000 35.410516 67.596487 36.958435 72.741673
AZBA 52 53 2.000000 36.958435 72.741673 33.168529 71.974059
BABB 53 54 2.000000 33.168529 71.974059 30.925756 77.078729
BBBC 54 55 2.000000 30.925756 77.078729 27.306938 74.550846
BCBD 55 56 2.000000 27.306938 74.550846 22.677367 77.591040
BDBE 56 57 2.000000 22.677367 77.591040 21.507146 72.814345
BEBF 57 58 2.000000 21.507146 72.814345 17.487461 72.714388
BFBG 58 59 2.000000 17.487461 72.714388 15.088262 71.858375
BGBH 59 60 2.000000 15.088262 71.858375 77.257539 55.249530
BHA 60 1 2.000000 77.257539 55.249530 50.174560 7.444547
