AB 1 2 1.100000 50.174560 7.444547 52.566849 7.546613
AC 1 3 1.200000 50.174560 7.444547 50.100451 13.481908
BD 2 4 2.100000 52.566849 7.546613 46.355673 14.538891
BE 2 5 2.200000 52.566849 7.546613 47.372751 20.919352
CF 3 6 3.100000 50.100451 13.481908 43.549300 22.817546
CG 3 7 3.200000 50.100451 13.481908 45.623686 27.673410
DH 4 8 1.100000 46.355673 14.538891 44.358734 31.923917
DI 4 9 1.200000 46.355673 14.538891 48.128977 36.131095
EJ 5 10 2.100000 47.372751 20.919352 49.957123 41.084278
EK 5 11 2.200000 47.372751 20.919352 53.806463 44.604836
FL 6 12 3.100000 43.549300 22.817546 56.440598 48.690184
FM 6 13 3.200000 43.549300 22.817546 60.583978 51.507548
GN 7 14 1.100000 45.623686 27.673410 67.400588 54.408541
GO 7 15 1.200000 45.623686 27.673410 67.691579 58.305220
HP 8 16 2.100000 44.358734 31.923917 73.030094 62.673194
HQ 8 17 2.200000 44.358734 31.923917 70.045487 65.340624
IR 9 18 3.100000 48.128977 36.131095 69.406939 70.363534
IS 9 19 3.200000 48.128977 36.131095 66.153131 66.585956
JT 10 20 1.100000 49.957123 41.084278 62.765410 66.143039
JU 10 21 1.200000 49.957123 41.084278 63.171629 60.016409
KV 11 22 2.100000 53.806463 44.604836 64.683178 55.988185
KW 11 23 2.200000 53.806463 44.604836 64.495669 51.401101
LX 12 24 3.100000 56.440598 48.690184 68.503379 47.600266
LY 12 25 3.200000 56.440598 48.690184 65.799038 43.147038
MZ 13 26 1.100000 60.583978 51.507548 67.823287 38.744676
MAA 13 27 1.200000 60.583978 51.507548 65.208385 34.398161
NAB 14 28 2.100000 67.400588 54.408541 65.155153 28.932365
NAC 14 29 2.200000 67.400588 54.408541 64.380508 25.460324
OAD 15 30 3.100000 67.691579 58.305220 64.480767 19.029078
OAE 15 31 3.200000 67.691579 58.305220 67.644216 20.469582
PAF 16 32 1.100000 73.030094 62.673194 71.027777 19.209715
PAG 16 33 1.200000 73.030094 62.673194 68.060819 24.490576
QAH 17 34 2.100000 70.045487 65.340624 69.590528 27.717246
QAI 17 35 2.200000 70.045487 65.340624 62.471427 30.283093
RAJ 18 36 3.100000 69.406939 70.363534 59.104431 33.156198
RAK 18 37 3.200000 69.406939 70.363534 53.272460 32.578607
SAL 19 38 1.100000 66.153131 66.585956 48.176655 31.822743
SAM 19 39 1.200000 66.153131 66.585956 42.384287 34.092607
TAN 20 40 2.100000 62.765410 66.143039 35.539845 33.077327
TAO 20 41 2.200000 62.765410 66.143039 33.058145 36.603487
UAP 21 42 3.100000 63.171629 60.016409 26.852793 37.109739
UAQ 21 43 3.200000 63.171629 60.016409 27.804039 41.806370
VAR 22 44 1.100000 64.683178 55.988185 24.735326 45.345138
VAS 22 45 1.200000 64.683178 55.988185 27.687087 48.965704
WAT 23 46 2.100000 64.495669 51.401101 26.644310 53.648640
WAU 23 47 2.200000 64.495669 51.401101 31.518406 55.219904
XAV 24 48 3.100000 68.503379 47.600266 33.841485 58.358409
XAW 24 49 3.200000 68.503379 47.600266 34.958974 61.644967
YAX 25 50 1.100000 65.799038 43.147038 37.053259 65.819672
YAY 25 51 1.200000 65.799038 43.147038 35.410516 67.596487
ZAZ 26 52 2.100000 67.823287 38.744676 36.958435 72.741673
ZBA 26 53 2.200000 67.823287 38.744676 33.168529 71.974059
AABB 27 54 3.100000 65.208385 34.398161 30.925756 77.078729
AABC 27 55 3.200000 65.208385 34.398161 27.306938 74.550846
ABBD 28 56 1.100000 65.155153 28.932365 22.677367 77.591040
ABBE 28 57 1.200000 65.155153 28.932365 21.507146 72.814345
ACBF 29 58 2.100000 64.380508 25.460324 17.487461 72.714388
ACBG 29 59 2.200000 64.380508 25.460324 15.088262 71.858375
ADBH 30 60 3.100000 64.480767 19.029078 9.430769 73.096858
