0 5.000000 100.000000
1 45.703177 39.654500
2 49.490125 30.242259
3 52.625321 22.767242
4 55.485815 16.835154
5 57.844049 12.811741
6 60.573306 12.015291
7 59.639945 17.288828
8 56.927530 24.702875
9 54.299824 33.227113
10 52.556616 42.247660
11 51.465522 50.642776
12 51.609882 56.944018
13 51.980847 59.215712
14 51.129523 52.929924
15 49.906203 46.088235
16 58.543539 47.900745
17 65.870482 48.662901
18 71.791175 48.261452
19 77.145958 46.360797
20 82.246064 44.863681
21 87.421332 42.938970
22 90.350505 39.543680
23 88.261304 35.598540
24 83.610381 32.834065
25 78.756411 30.589507
26 73.642977 28.820195
27 66.819380 30.033397
28 59.412311 33.116138
29 51.408477 36.954096
30 42.813584 41.533752
31 34.998557 38.449243
32 27.814172 36.392009
33 21.270801 35.220033
34 14.981115 34.197058
35 9.955905 32.396163
36 5.026011 31.617835
37 5.000000 35.060810
38 5.000000 39.726563
39 5.000000 44.567551
40 5.000000 49.615806
41 6.488566 54.303341
42 11.335500 56.052506
43 17.509361 54.930134
44 24.947237 51.293977
45 33.406283 45.521734
46 26.008768 41.930158
47 19.993732 37.462742
48 17.636620 31.690559
49 17.116195 26.316116
50 17.599553 21.424396
51 19.292195 16.801845
52 22.072034 12.459805
53 26.458376 9.269702
54 31.497274 8.108035
55 36.568884 8.634420
56 40.418024 12.130060
57 43.101281 17.945855
58 43.474035 24.982327
59 43.243944 33.396005
60 42.830314 43.290737
61 52.217446 44.418626
62 60.305253 44.665830
63 67.056370 44.640910
64 72.174979 43.555224
65 71.932404 40.201968
66 68.535321 36.733480
67 63.479289 33.174092
68 57.980031 29.150075
69 51.887582 25.860026
70 46.030046 23.678081
71 41.074845 26.442836
72 38.895825 32.332940
73 39.829321 39.845105
74 41.677786 45.776013
75 44.921384 49.628766
76 52.404373 55.558284
77 58.541878 60.265876
78 63.674930 64.420647
79 68.497474 68.020710
80 72.345843 71.480065
81 72.936075 74.744958
82 68.816809 75.672449
83 64.034849 75.221258
84 59.567157 73.827515
85 55.766928 70.718653
86 51.571126 68.171201
87 47.153052 65.474227
88 43.321101 60.931085
89 40.341063 55.051757
90 39.433354 48.256850
91 36.277619 44.945054
92 38.465703 40.923929
93 43.556595 38.780278
94 49.247626 40.225618
95 54.026633 43.491613
96 53.969882 49.291105
97 50.270640 54.978480
98 45.802945 59.520697
99 40.008673 62.635269
100 33.747311 63.127460
101 28.266914 61.234285
102 24.320402 57.434615
103 22.950352 52.965482
104 27.571026 50.270634
105 34.839625 50.339500
106 37.735274 58.102735
107 43.813261 65.831255
108 51.824822 72.197674
109 60.497627 76.900591
110 68.795477 79.373125
111 75.158155 78.934876
112 77.691609 73.854979
113 75.019411 67.390149
114 69.919125 61.095204
115 63.873687 54.360177
116 57.351148 47.015039
117 51.308176 40.482975
118 44.656108 36.350293
119 39.588812 37.898203
120 39.269472 43.913311
